hightemp = 15

y1 = (3.5454 * (hightemp-1)^2 - 80.082*(hightemp-1) + 1196.6)

change = (3.5454 * (hightemp)^2 - 80.082*(hightemp) + 1196.6)-(3.5454 * (hightemp-1)^2 - 80.082*(hightemp-1) + 1196.6)
percent = (change / y1)*100

